o1=0;
o2=0;
o3=0;
o4=0;
o5=0;
o6=0;
o7=0;
o8=0;
o9=0;
o10=0;